ACCOUNT TRANSACTION HISTORY

Name:, Andries, Burger
Account:, 62446745492, [Business Account]
Balance:, 27253.01, 27253.01

Date, Amount, Balance, Description
2015/10/21, 150.00, 27253.01, FNB OB PMT            MEMBER:DUBOIS
2015/10/17, -1220.18, 27103.01, GOV/NGO CATERING
2015/10/10, -44.75, 28323.19, #SERVICE FEES
2015/10/10, -65.00, 28367.94, #MONTHLY ACCOUNT FEE
2015/10/10, 0.00, 28432.94, BIS/INT 5 ON TRUE TIERING = 44.75
2015/10/08, 100.00, 28432.94, SCHEDULED PYMT FROM   GREG MCKEEN
2015/10/05, -2477.73, 28332.94, AMAZEE PAYMENT
2015/10/02, 150.00, 30810.67, INTERNET TRF FROM     DASA MEMBER A DUNN
2015/10/02, 150.00, 30660.67, INTERNET TRF FROM     RIAAN MEMBERSHIP
2015/10/02, 150.00, 30510.67, INT-BANKING PMT FRM   RENATE INDIVIDUAL M
2015/10/01, -1763.00, 30360.67, GOODFELLOWS DRUPAL
