ACCOUNT TRANSACTION HISTORY

Name:, Andries, Burger
Account:, 62446745492, [Business Account]
Balance:, 33841.19, 33841.19

Date, Amount, Balance, Description
2015/09/11, -62.65, 33841.19, #SERVICE FEES
2015/09/11, -65.00, 33903.84, #MONTHLY ACCOUNT FEE
2015/09/11, 0.00, 33968.84, BIS/INT 7 ON TRUE TIERING = 62.65
2015/09/11, 450.00, 33968.84, INT-BANKING PMT FRM   MEDIAMACHINETSHIRTS
2015/09/08, 100.00, 33518.84, SCHEDULED PYMT FROM   GREG MCKEEN
2015/09/08, 300.00, 33418.84, PIXEL PUNCTUATION SKRUGER
2015/09/08, -6715.00, 33118.84, SABABA
2015/09/03, -5016.00, 39833.84, TAO PROMOTION
2015/09/03, -3163.50, 44849.84, TAO PROMOTION
2015/09/02, -1800.00, 48013.34, GOODFELLOWS 70241
2015/08/31, -1322.40, 49813.34, AMAZEE LABS STICKERS
2015/08/27, -1300.00, 51135.74, A ROBINSON TRANSPORT
2015/08/26, -1322.40, 52435.74, TRIDENT MARKETING
2015/08/25, 3000.00, 53758.14, DMOOREDCSPONSOR
2015/08/20, 300.00, 50758.14, George Ziady DrupalCamp
2015/08/19, 300.00, 50458.14, FNB OB PMT            LEENX DONATION DASA
2015/08/11, -65.00, 50158.14, #MONTHLY ACCOUNT FEE
