ACCOUNT TRANSACTION HISTORY

Name:, Andries, Burger
Account:, 62446745492, [Business Account]
Balance:, 26631.44, 26631.44

Date, Amount, Balance, Description
2015/05/20, -6.00, 26631.44, #OB STATEMENT DOWNLOAD
2015/05/20, -6.00, 26637.44, #OB STATEMENT DOWNLOAD
2015/05/20, -6.00, 26643.44, #OB STATEMENT DOWNLOAD
2015/05/20, -6.00, 26649.44, #OB STATEMENT DOWNLOAD
2015/05/19, 0.00, 26655.44, EMAIL SENDING FEE      ROBERTS & ROACH INV
2015/05/19, 500.00, 26655.44, FNB OB PMT            DONATION: ROBBOTO
2015/05/19, 3000.00, 26155.44, FNB OB PMT            SPONSORSHIP: ROBBOTO
2015/05/18, -730.00, 23155.44, DASA COURIER SERVICE
2015/05/11, -61.00, 23885.44, #MONTHLY ACCOUNT FEE
2015/04/30, 100.00, 23946.44, SCHEDULED PYMT FROM   DUBOIS DONATION
2015/04/28, -6.00, 23846.44, #OB STATEMENT DOWNLOAD
2015/04/28, -6.00, 23852.44, #OB STATEMENT DOWNLOAD
2015/04/28, -6.00, 23858.44, #OB STATEMENT DOWNLOAD
