ACCOUNT TRANSACTION HISTORY

Name:, Andries, Burger
Account:, 62446745492, [Business Account]
Balance:, 16057.54, 16057.54

Date, Amount, Balance, Description
2015/03/13, 0.00, 16057.54, EMAIL SENDING FEE      POSTER WORKS
2015/03/12, -12655.64, 16057.54, POSTERWORKS
2015/03/11, -17.90, 28713.18, #SERVICE FEES
2015/03/11, -0.70, 28731.08, #VALUE ADDED SERV FEES
2015/03/11, -61.00, 28731.78, #MONTHLY ACCOUNT FEE
2015/03/11, 0.00, 28792.78, BIS/INT 2 ON TRUE TIERING = 17.90
2015/03/11, 3000.00, 28792.78, FNB OB PMT            TELAMENTA
2015/03/10, 150.00, 25792.78, CAPITEC   SERGIO 00000009
2015/03/04, 6000.00, 25642.78, INT-BANKING PMT FRM   INVOICE 00000008
2015/03/02, 150.00, 19642.78, CAPITEC   SERGIO 00000007
2015/03/02, 150.00, 19492.78, INT-BANKING PMT FRM   CHARLES TANTON
2015/02/28, 100.00, 19342.78, SCHEDULED PYMT FROM   DUBOIS DONATION
2015/02/28, 100.00, 19242.78, INTERNET TRF FROM     DUNNLOFTS DONATION
2015/02/28, -560.55, 19142.78, RENATE PRINT REFUND
2015/02/19, 150.00, 19703.33, INTERNET TRF FROM     SPONSOR DASA ANDRE
2015/02/18, 150.00, 19553.33, FNB OB PMT            DRUPALCAMP JHB
2015/02/18, -110.00, 19403.33, #R015BT2PZ0 ZAR INWARD SWIFT FEE
2015/02/18, -150.00, 19513.33, #R015BT2PZ0 INWARD SWIFT COMMISSION
2015/02/18, 3000.00, 19663.33, R015BT2PZ0 AMAZEE LABS AG8005 ZURICH
2015/02/17, 450.00, 16663.33, INTERNET TRF FROM     BURTRONIX3INDIVSPONS
2015/02/14, 0.00, 16213.33, EMAIL SENDING FEE      FAMOUS PRINT
2015/02/14, 150.00, 16213.33, INTERNET TRF FROM     DASA IND MEMBER
2015/02/13, -1681.67, 16063.33, DASA PROOF 19862
2015/02/11, -61.00, 17745.00, #MONTHLY ACCOUNT FEE
2015/02/11, 3150.00, 17806.00, INTERNET TRF FROM     IGEN SPONSORSHIP
